0	48
1	47
10	56
11	44
12	50
13	45
14	38
15	34
16	79
17	37
18	66
19	36
2	59
20	47
21	74
22	55
23	48
24	18
25	83
26	61
27	8
28	62
29	58
3	34
30	59
31	25
32	30
33	82
34	37
35	34
36	70
37	68
38	34
39	41
4	54
40	69
41	121
42	79
43	39
44	37
45	24
46	72
47	73
48	103
49	23
5	74
50	66
51	40
52	61
53	24
54	36
55	45
56	52
57	45
58	78
59	58
6	70
60	36
61	75
62	67
63	28
64	129
65	94
66	41
67	59
68	65
69	52
7	52
70	87
71	21
72	65
73	49
74	4
75	25
76	48
77	52
78	59
79	20
8	80
80	17
81	51
82	63
83	52
84	33
85	51
86	43
87	25
88	12
89	37
9	60
90	50
91	121
92	45
93	22
94	29
95	84
96	54
97	81
98	91
99	71
