108	1
11075	1
11319	3
11334	3
11335	2
11353	2
11358	1
11373	1
11439	8
11459	1
11620	1
11621	1
11623	2
11629	2
11643	5
11735	5
11815	1
11848	2
11853	2
1187	1
11923	1
11938	1
11993	1
11994	8
11995	1
12008	1
12009	7
12016	1
12126	1
12132	3
12175	3
12176	2
12183	1
12184	2
12186	2
12188	7
12190	2
12191	4
12200	1
12206	21
12209	4
12213	3
12214	2
12216	6
12217	2
12218	3
12227	4
12228	1
12232	1
12233	2
12239	1
12257	3
12261	3
12263	2
12266	1
12267	4
12268	1
12269	1
12270	2
12271	1
12273	1
12279	3
12319	1
12321	1
12329	2
12332	2
12363	1
12372	2
12439	2
12484	1
12583	1
12603	1
12618	2
12636	1
12650	5
12652	1
12654	4
12715	2
12794	3
12823	3
12826	9
12839	2
12845	1
12881	2
12889	1
12951	2
12953	1
13094	1
13233	3
13239	1
13436	1
13441	2
13747	1
13872	2
1400	2
14796	1
14797	3
14875	7
14907	6
14908	1
14985	11
15093	1
15304	2
1531	3
1542	1
15582	3
15851	1
1589	1
1645	2
16986	1
172	1
17429	1
1750	1
17520	1
17584	2
17657	1
17843	6
17886	1
18077	2
181	1
18475	1
18569	1
18644	1
18663	2
18773	17
18790	1
18965	1
18973	1
18998	9
1916	4
1918	1
19253	1
19256	2
19374	1
19523	2
19797	2
20040	1
20147	1
20176	1
20225	5
20313	1
20561	1
20734	1
20769	1
20773	1
20782	1
20810	1
20825	1
20845	1
20968	1
21	1
210	2
21222	4
21304	3
21469	3
21489	3
21546	1
21657	1
21751	1
21795	1
21824	4
21836	1
21872	4
22101	1
22254	1
22258	2
22345	1
22391	6
22434	1
22494	1
22569	1
22616	3
22795	2
2282	1
22863	1
22864	1
22935	7
23004	5
23018	1
23048	1
23116	1
23237	1
23238	2
23267	1
23357	2
23405	1
23481	1
23507	1
23508	1
23541	1
23547	2
23557	1
23680	1
23689	1
23731	1
23749	1
23756	2
24289	3
24374	5
24652	2
24690	2
24692	1
24693	1
24819	1
24897	1
24952	1
25097	1
25284	1
25331	4
25376	1
25470	4
25788	1
25946	2
25999	2
26014	3
26022	2
26045	1
26049	1
26227	2
26383	1
26400	2
26410	1
26414	1
26460	1
26881	1
26939	1
27	5
27120	1
27182	1
27211	4
27645	1
27699	1
27905	1
27969	2
28357	1
28499	1
28505	1
28511	2
28514	2
28612	1
28650	1
28708	1
29368	2
30332	1
30337	5
305	1
30878	1
31933	1
325	1
32704	1
32719	1
33200	1
33393	1
33461	1
33496	1
33649	1
33651	3
3373	1
33819	2
33942	1
3481	1
35032	1
35086	1
35991	2
3637	1
367	2
3799	1
39316	1
407	1
40890	1
4121	1
42432	2
42630	1
43584	1
43846	2
44045	2
44249	2
4454	3
44690	5
448	3
4577	1
46124	1
46372	1
46375	1
46448	1
468	7
47322	8
47843	1
48543	1
486	4
48904	2
48969	1
4992	1
50192	1
50882	1
5126	3
51559	2
52270	2
53182	2
53920	2
53949	1
5405	3
551	1
5517	3
55524	1
55649	1
55940	1
56083	1
6000	2
601	1
60715	1
6087	2
61531	2
6184	1
6194	1
62173	1
6263	1
6307	1
64253	1
6446	1
669	2
7193	2
7258	3
7635	6
792	2
7971	1
8209	1
8213	2
8214	1
8216	3
8217	1
8218	2
8220	5
8221	1
8223	5
8225	4
8230	5
8234	2
8236	1
8240	1
8242	1
8243	6
8244	2
8245	3
8247	1
8250	21
8251	4
8253	15
8254	17
8255	6
8259	1
8260	2
8266	1
8267	34
8268	16
8270	2
8271	1
8272	3
8273	3
8275	4
8277	8
8278	46
8279	11
8281	7
8282	2
8283	3
8285	3
8286	3
8287	4
8288	2
8290	4
8291	6
8293	2
8407	2
8673	3
8739	5
8745	11
8746	4
8747	4
878	1
8785	6
8787	1
8788	14
8791	44
8798	2
8799	2
88	2
8803	7
8806	1
8812	3
8813	1
8815	2
8818	1
8819	8
8823	3
883	1
8832	3
8833	3
8834	5
8835	2
8843	3
8854	1
8855	4
8856	3
8859	3
8862	5
8864	1
8936	1
8976	1
9171	1
9600	1
9972	1
